0 2
1 6
2 4
3 2
4 2
5 2
6 4
7 5
8 5
9 22
10 5
11 8
12 3
13 8
14 3
15 3
16 4
17 14
18 4
19 9
20 4
21 12
22 4
23 3
24 5
25 2
26 4
27 5
28 15
29 1
30 2
31 2
32 2
33 2
34 1
35 17
36 20
37 4
38 3
39 4
40 15
41 6
42 36
43 2
44 2
45 12
46 1
47 2
48 1
49 8
50 2
51 3
52 3
53 6
54 2
55 9
56 2
57 37
58 4
59 2
60 4
61 6
62 3
63 1
64 6
65 12
66 1
67 5
68 8
69 1
70 6
71 2
72 2
73 7
74 4
75 4
76 4
77 7
78 16
79 12
80 15
81 3
82 15
83 3
84 3
85 21
86 3
87 2
88 7
89 11
90 1
91 15
92 2
93 11
94 10
95 4
96 12
97 9
98 6
99 1
100 12
101 2
102 12
103 4
104 3
105 4
106 2
107 2
108 1
109 8
110 2
111 6
112 2
113 6
114 4
115 1
116 10
117 6
118 2
119 1
120 4
121 10
122 22
123 19
124 11
125 6
126 4
127 12
128 11
129 1
130 3
131 1
132 2
133 1
134 5
135 35
136 2
137 1
138 4
139 18
140 2
141 6
142 4
143 36
144 2
145 2
146 2
147 3
148 5
149 6
150 4
151 15
152 2
153 3
154 75
155 3
156 92
157 3
158 7
159 3
160 3
161 3
162 2
163 12
164 3
165 4
166 5
167 1
168 1
169 1
170 5
171 12
172 4
173 3
174 6
175 4
176 1
177 6
178 3
179 6
180 4
181 2
182 5
183 4
184 6
185 1
186 32
187 1
188 1
189 2
190 25
191 10
192 4
193 4
194 1
195 2
196 2
197 2
198 1
199 3
200 8
201 2
202 3
203 1
204 4
205 2
206 4
207 8
208 2
209 2
210 4
211 15
212 2
213 7
214 6
215 3
216 3
217 15
218 1
219 4
220 1
221 21
222 1
223 7
224 2
225 9
226 20
227 5
228 4
229 1
230 6
231 33
232 8
233 10
234 2
235 1
236 4
237 3
238 16
239 4
240 3
241 1
242 5
243 3
244 5
245 7
246 12
247 34
248 3
249 5
250 4
251 9
252 3
253 3
254 4
255 2
256 5
257 10
258 4
259 2
260 11
261 6
262 50
263 24
264 3
265 12
266 1
267 4
268 4
269 10
270 5
271 4
272 3
273 83
274 1
275 6
276 10
277 2
278 3
279 1
280 1
281 1
282 19
283 1
284 2
285 1
286 13
287 4
288 10
289 6
290 3
291 9
292 2
293 3
294 2
295 6
296 2
297 2
298 2
299 2
300 2
301 2
302 4
303 1
304 4
305 1
306 1
307 1
308 2
309 6
310 48
311 21
312 4
313 16
314 1
315 2
316 8
317 6
318 18
319 11
320 1
321 2
322 1
323 2
324 15
325 3
326 15
327 2
328 2
329 6
330 2
331 1
332 12
333 10
334 2
335 4
336 2
337 5
338 6
339 2
340 7
341 2
342 1
343 10
344 1
345 6
346 2
347 10
348 1
349 1
350 1
351 34
352 4
353 8
354 9
355 4
356 1
357 39
358 1
359 4
360 9
361 5
362 14
363 6
364 3
365 10
366 1
367 1
368 3
369 20
370 5
371 18
372 1
373 2
374 5
375 15
376 1
377 37
378 1
379 2
380 3
381 3
382 9
383 13
384 5
385 20
386 1
387 6
388 3
389 3
390 10
391 17
392 4
393 12
394 4
395 41
396 2
397 9
398 18
399 7
400 6
401 3
402 1
403 10
404 21
405 5
406 3
407 5
408 4
409 6
410 2
411 31
412 40
413 2
414 75
415 10
416 2
417 16
418 34
419 10
420 7
421 1
422 4
423 1
424 3
425 10
426 4
427 5
428 8
429 1
430 2
431 3
432 1
433 10
434 4
435 6
436 5
437 4
438 4
439 3
440 4
441 3
442 7
443 4
444 13
445 1
446 7
447 33
448 45
449 4
450 3
451 1
452 2
453 4
454 2
455 3
456 5
457 3
458 2
459 3
460 2
461 4
462 9
463 74
464 2
465 13
466 12
467 1
468 4
469 4
470 2
471 2
472 3
473 2
474 3
475 6
476 7
477 1
478 3
479 2
480 6
481 2
482 2
483 1
484 6
485 6
486 20
487 2
488 4
489 7
490 3
491 1
492 3
493 2
494 1
495 3
496 3
497 6
498 2
499 3
500 70
501 6
502 1
503 4
504 4
505 4
506 2
507 9
508 6
509 10
510 3
511 2
512 10
513 3
514 1
515 1
516 14
517 2
518 45
519 4
520 17
521 1
522 10
523 1
524 4
525 2
526 6
527 1
528 9
529 2
530 1
531 1
532 2
533 2
534 3
535 2
536 3
537 9
538 4
539 10
540 1
541 1
542 5
543 2
544 5
545 75
546 2
547 3
548 4
549 1
550 6
551 3
552 14
553 11
554 19
555 12
556 4
557 10
558 3
559 10
560 2
561 8
562 2
563 6
564 7
565 6
566 15
567 12
568 4
569 18
570 20
571 12
572 3
573 5
574 2
575 14
576 7
577 18
578 1
579 3
580 1
581 2
582 7
583 4
584 1
585 1
586 7
587 4
588 3
589 1
590 2
591 2
592 3
593 19
594 4
595 2
596 9
597 8
598 3
599 35
600 2
601 2
602 86
603 4
604 4
605 20
606 1
607 1
608 3
609 2
610 11
611 6
612 2
613 13
614 8
615 12
616 6
617 13
618 2
619 7
620 4
621 3
622 4
623 2
624 2
625 1
626 1
627 4
628 1
629 2
630 4
631 2
632 14
633 3
634 3
635 2
636 2
637 2
638 5
639 1
640 7
641 17
642 4
643 1
644 22
645 6
646 1
647 1
648 3
649 8
650 1
651 10
652 18
653 8
654 25
655 2
656 4
657 12
658 8
659 2
660 7
661 1
662 2
663 3
664 2
665 3
666 6
667 6
668 1
669 3
670 7
671 6
672 3
673 36
674 18
675 16
676 10
677 2
678 2
679 7
680 2
681 8
682 6
683 33
684 3
685 4
686 7
687 8
688 1
689 3
690 2
691 2
692 1
693 4
694 3
695 3
696 10
697 20
698 6
699 4
700 6
701 3
702 2
703 8
704 5
705 6
706 1
707 3
708 1
709 2
710 10
711 5
712 1
713 4
714 1
715 6
716 1
717 3
718 2
719 2
720 60
721 6
722 62
723 1
724 6
725 4
726 48
727 1
728 3
729 5
730 2
731 1
732 2
733 25
734 5
735 27
736 7
737 15
738 7
739 5
740 6
741 1
742 2
743 2
744 2
745 4
746 2
747 22
748 1
749 3
750 4
751 2
752 7
753 3
754 3
755 4
756 25
757 34
758 7
759 11
760 19
761 3
762 3
763 11
764 10
765 2
766 1
767 3
768 2
769 7
770 2
771 4
772 8
773 10
774 10
775 3
776 3
777 2
778 14
779 28
780 9
781 8
782 3
783 2
784 12
785 14
786 4
787 2
788 2
789 5
790 3
791 4
792 11
793 4
794 14
795 15
796 1
797 6
798 5
799 3
800 1
801 3
802 1
803 6
804 10
805 2
806 3
807 3
808 1
809 24
810 3
811 3
812 10
813 5
814 2
815 8
816 5
817 7
818 2
819 3
820 3
821 3
822 3
823 3
824 1
825 12
826 3
827 11
828 1
829 18
830 2
831 9
832 9
833 2
834 7
835 2
836 2
837 1
838 8
839 10
840 2
841 8
842 2
843 2
844 4
845 2
846 3
847 29
848 9
849 4
850 2
851 3
852 1
853 4
854 15
855 2
856 1
857 3
858 3
859 7
860 3
861 3
862 6
863 36
864 6
865 2
866 6
867 2
868 6
869 6
870 1
871 36
872 3
873 1
874 2
875 1
876 3
877 8
878 5
879 36
880 14
881 3
882 1
883 19
884 1
885 1
886 6
887 4
888 2
889 9
890 3
891 2
892 2
893 4
894 2
895 10
896 16
897 4
898 1
899 2
900 56
901 4
902 11
903 3
904 3
905 39
906 3
907 9
908 15
909 3
910 1
911 21
912 7
913 5
914 2
915 8
916 8
917 12
918 5
919 1
920 4
921 2
922 3
923 2
924 5
925 13
926 8
927 8
928 6
929 4
930 2
931 8
932 14
933 1
934 6
935 35
936 1
937 20
938 5
939 8
940 3
941 1
942 28
943 2
944 2
945 5
946 4
947 1
948 1
949 26
950 3
951 2
952 5
953 1
954 2
955 3
956 2
957 2
958 17
959 4
960 4
961 2
962 6
963 4
964 6
965 5
966 22
967 16
968 10
969 4
970 101
971 4
972 3
973 4
974 3
975 2
976 3
977 2
978 3
979 1
980 6
981 23
982 3
983 3
984 2
985 1
986 7
987 3
988 4
989 3
990 2
991 6
992 15
993 3
994 72
995 2
996 10
997 3
998 6
999 1